WARNING: Default time step is used for VCD tracing.
Saving coeffs ----- 
1 0
2 0
3 0
0
Saving coeffs ----- 
1 0
1
2 0
8
3 0
33
4 0
88
5 0
185
6 0
80
7 0
41
8 0
80
9 0
209
10 0
184
11 0
17
12 0
232
13 0
73
14 0
64
15 0
217
16 0
32
17 0
33
18 0
232
19 0
129
20 0
248
21 0
89
22 0
176
23 0
9
24 0
112
25 0
241
26 0
152
27 0
113
28 0
136
29 0
233
30 0
160
31 0
185
32 0
64
33 0
65
34 0
200
35 0
225
36 0
152
37 0
249
38 0
16
39 0
233
40 0
144
41 0
17
42 0
120
43 0
209
44 0
40
45 0
137
46 0
0
47 0
153
48 0
96
49 0
97
50 0
168
51 0
65
52 0
56
53 0
153
54 0
112
55 0
201
56 0
176
57 0
49
58 0
88
59 0
49
60 0
200
61 0
41
62 0
96
63 0
121
64 0
128
65 0
129
66 0
136
67 0
161
68 0
216
69 0
57
70 0
208
71 0
169
72 0
208
73 0
81
74 0
56
75 0
145
76 0
104
77 0
201
78 0
192
79 0
89
80 0
160
81 0
161
82 0
104
83 0
1
84 0
120
85 0
217
86 0
48
87 0
137
88 0
240
89 0
113
90 0
24
91 0
241
92 0
8
93 0
105
94 0
32
95 0
57
96 0
192
97 0
193
98 0
72
99 0
97
100 0
24
101 0
121
102 0
144
103 0
105
104 0
16
105 0
145
106 0
248
107 0
81
108 0
168
109 0
9
110 0
128
111 0
25
112 0
224
113 0
225
114 0
40
115 0
193
116 0
184
117 0
25
118 0
240
119 0
73
120 0
48
121 0
177
122 0
216
123 0
177
124 0
72
125 0
169
126 0
224
127 0
249
128 0
0
129 0
1
130 0
8
131 0
33
132 0
88
133 0
185
134 0
80
135 0
41
136 0
80
137 0
209
138 0
184
139 0
17
140 0
232
141 0
73
142 0
64
143 0
217
144 0
32
145 0
33
146 0
232
147 0
129
148 0
248
149 0
89
150 0
176
151 0
9
152 0
112
153 0
241
154 0
152
155 0
113
156 0
136
157 0
233
158 0
160
159 0
185
160 0
64
161 0
65
162 0
200
163 0
225
164 0
152
165 0
249
166 0
16
167 0
233
168 0
144
169 0
17
170 0
120
171 0
209
172 0
40
173 0
137
174 0
0
175 0
153
176 0
96
177 0
97
178 0
168
179 0
65
180 0
56
181 0
153
182 0
112
183 0
201
184 0
176
185 0
49
186 0
88
187 0
49
188 0
200
189 0
41
190 0
96
191 0
121
192 0
128
193 0
129
194 0
136
195 0
161
196 0
216
197 0
57
198 0
208
199 0
169
200 0
208
201 0
81
202 0
56
203 0
145
204 0
104
205 0
201
206 0
192
207 0
89
208 0
160
209 0
161
210 0
104
211 0
1
212 0
120
213 0
217
214 0
48
215 0
137
216 0
240
217 0
113
218 0
24
219 0
241
220 0
8
221 0
105
222 0
32
223 0
57
224 0
192
225 0
193
226 0
72
227 0
97
228 0
24
229 0
121
230 0
144
231 0
105
232 0
16
233 0
145
234 0
248
235 0
81
236 0
168
237 0
9
238 0
128
239 0
25
240 0
224
241 0
225
242 0
40
243 0
193
244 0
184
245 0
25
246 0
240
247 0
73
248 0
48
249 0
177
250 0
216
251 0
177
252 0
72
253 0
169
254 0
224
255 0
249
256 0
0
257 0
1
258 0
8
259 0
33
260 0
88
261 0
185
262 0
80
263 0
41
264 0
80
265 0
209
266 0
184
267 0
17
268 0
232
269 0
73
270 0
64
271 0
217
272 0
32
273 0
33
274 0
232
275 0
129
276 0
248
277 0
89
278 0
176
279 0
9
280 0
112
281 0
241
282 0
152
283 0
113
284 0
136
285 0
233
286 0
160
287 0
185
288 0
64
289 0
65
290 0
200
291 0
225
292 0
152
293 0
249
294 0
16
295 0
233
296 0
144
297 0
17
298 0
120
299 0
209
300 0
40
301 0
137
302 0
0
303 0
153
304 0
96
305 0
97
306 0
168
307 0
65
308 0
56
309 0
153
310 0
112
311 0
201
312 0
176
313 0
49
314 0
88
315 0
49
316 0
200
317 0
41
318 0
96
319 0
121
320 0
128
321 0
129
322 0
136
323 0
161
324 0
216
325 0
57
326 0
208
327 0
169
328 0
208
329 0
81
330 0
56
331 0
145
332 0
104
333 0
201
334 0
192
335 0
89
336 0
160
337 0
161
338 0
104
339 0
1
340 0
120
341 0
217
342 0
48
343 0
137
344 0
240
345 0
113
346 0
24
347 0
241
348 0
8
349 0
105
350 0
32
351 0
57
352 0
192
353 0
193
354 0
72
355 0
97
356 0
24
357 0
121
358 0
144
359 0
105
360 0
16
361 0
145
362 0
248
363 0
81
364 0
168
365 0
9
366 0
128
367 0
25
368 0
224
369 0
225
370 0
40
371 0
193
372 0
184
373 0
25
374 0
240
375 0
73
376 0
48
377 0
177
378 0
216
379 0
177
380 0
72
381 0
169
382 0
224
383 0
249
384 0
0
385 0
1
386 0
8
387 0
33
388 0
88
389 0
185
390 0
80
391 0
41
392 0
80
393 0
209
394 0
184
395 0
17
396 0
232
397 0
73
398 0
64
399 0
217
400 0
32
401 0
33
402 0
232
403 0
129
404 0
248
405 0
89
406 0
176
407 0
9
408 0
112
409 0
241
410 0
152
411 0
113
412 0
136
413 0
233
414 0
160
415 0
185
416 0
64
417 0
65
418 0
200
419 0
225
420 0
152
421 0
249
422 0
16
423 0
233
424 0
144
425 0
17
426 0
120
427 0
209
428 0
40
429 0
137
430 0
0
431 0
153
432 0
96
433 0
97
434 0
168
435 0
65
436 0
56
437 0
153
438 0
112
439 0
201
440 0
176
441 0
49
442 0
88
443 0
49
444 0
200
445 0
41
446 0
96
447 0
121
448 0
128
449 0
129
450 0
136
451 0
161
452 0
216
453 0
57
454 0
208
455 0
169
456 0
208
457 0
81
458 0
56
459 0
145
460 0
104
461 0
201
462 0
192
463 0
89
464 0
160
465 0
161
466 0
104
467 0
1
468 0
120
469 0
217
470 0
48
471 0
137
472 0
240
473 0
113
474 0
24
475 0
241
476 0
8
477 0
105
478 0
32
479 0
57
480 0
192
481 0
193
482 0
72
483 0
97
484 0
24
485 0
121
486 0
144
487 0
105
488 0
16
489 0
145
490 0
248
491 0
81
492 0
168
493 0
9
494 0
128
495 0
25
496 0
224
497 0
225
498 0
40
499 0
193
500 0
184
501 0
25
502 0
240
503 0
73
504 0
48
505 0
177
506 0
216
507 0
177
508 0
72
509 0
169
510 0
224
511 0
249
512 0
0
513 0
1
514 0
8
515 0
33
516 0
88
517 0
185
518 0
80
519 0
41
520 0
80
521 0
209
522 0
184
523 0
17
524 0
232
525 0
73
526 0
64
527 0
217
528 0
32
529 0
33
530 0
232
531 0
129
532 0
248
533 0
89
534 0
176
535 0
9
536 0
112
537 0
241
538 0
152
539 0
113
540 0
136
541 0
233
542 0
160
543 0
185
544 0
64
545 0
65
546 0
200
547 0
225
548 0
152
549 0
249
550 0
16
551 0
233
552 0
144
553 0
17
554 0
120
555 0
209
556 0
40
557 0
137
558 0
0
559 0
153
560 0
96
561 0
97
562 0
168
563 0
65
564 0
56
565 0
153
566 0
112
567 0
201
568 0
176
569 0
49
570 0
88
571 0
49
572 0
200
573 0
41
574 0
96
575 0
121
576 0
128
577 0
129
578 0
136
579 0
161
580 0
216
581 0
57
582 0
208
583 0
169
584 0
208
585 0
81
586 0
56
587 0
145
588 0
104
589 0
201
590 0
192
591 0
89
592 0
160
593 0
161
594 0
104
595 0
1
596 0
120
597 0
217
598 0
48
599 0
137
600 0
240
601 0
113
602 0
24
603 0
241
604 0
8
605 0
105
606 0
32
607 0
57
608 0
192
609 0
193
610 0
72
611 0
97
612 0
24
613 0
121
614 0
144
615 0
105
616 0
16
617 0
145
618 0
248
619 0
81
620 0
168
621 0
9
622 0
128
623 0
25
624 0
224
625 0
225
626 0
40
627 0
193
628 0
184
629 0
25
630 0
240
631 0
73
632 0
48
633 0
177
634 0
216
635 0
177
636 0
72
637 0
169
638 0
224
639 0
249
p3l 0
p2l 1
p1l 6
0 1

Line 1
0
Saving coeffs ----- 
1 1
1
2 1
8
3 1
33
4 1
88
5 1
185
6 1
80
7 1
41
8 1
80
9 1
209
10 1
184
11 1
17
12 1
232
13 1
73
14 1
64
15 1
217
16 1
32
17 1
33
18 1
232
19 1
129
20 1
248
21 1
89
22 1
176
23 1
9
24 1
112
25 1
241
26 1
152
27 1
113
28 1
136
29 1
233
30 1
160
31 1
185
32 1
64
33 1
65
34 1
200
35 1
225
36 1
152
37 1
249
38 1
16
39 1
233
40 1
144
41 1
17
42 1
120
43 1
209
44 1
40
45 1
137
46 1
0
47 1
153
48 1
96
49 1
97
50 1
168
51 1
65
52 1
56
53 1
153
54 1
112
55 1
201
56 1
176
57 1
49
58 1
88
59 1
49
60 1
200
61 1
41
62 1
96
63 1
121
64 1
128
65 1
129
66 1
136
67 1
161
68 1
216
69 1
57
70 1
208
71 1
169
72 1
208
73 1
81
74 1
56
75 1
145
76 1
104
77 1
201
78 1
192
79 1
89
80 1
160
81 1
161
82 1
104
83 1
1
84 1
120
85 1
217
86 1
48
87 1
137
88 1
240
89 1
113
90 1
24
91 1
241
92 1
8
93 1
105
94 1
32
95 1
57
96 1
192
97 1
193
98 1
72
99 1
97
100 1
24
101 1
121
102 1
144
103 1
105
104 1
16
105 1
145
106 1
248
107 1
81
108 1
168
109 1
9
110 1
128
111 1
25
112 1
224
113 1
225
114 1
40
115 1
193
116 1
184
117 1
25
118 1
240
119 1
73
120 1
48
121 1
177
122 1
216
123 1
177
124 1
72
125 1
169
126 1
224
127 1
249
128 1
0
129 1
1
130 1
8
131 1
33
132 1
88
133 1
185
134 1
80
135 1
41
136 1
80
137 1
209
138 1
184
139 1
17
140 1
232
141 1
73
142 1
64
143 1
217
144 1
32
145 1
33
146 1
232
147 1
129
148 1
248
149 1
89
150 1
176
151 1
9
152 1
112
153 1
241
154 1
152
155 1
113
156 1
136
157 1
233
158 1
160
159 1
185
160 1
64
161 1
65
162 1
200
163 1
225
164 1
152
165 1
249
166 1
16
167 1
233
168 1
144
169 1
17
170 1
120
171 1
209
172 1
40
173 1
137
174 1
0
175 1
153
176 1
96
177 1
97
178 1
168
179 1
65
180 1
56
181 1
153
182 1
112
183 1
201
184 1
176
185 1
49
186 1
88
187 1
49
188 1
200
189 1
41
190 1
96
191 1
121
192 1
128
193 1
129
194 1
136
195 1
161
196 1
216
197 1
57
198 1
208
199 1
169
200 1
208
201 1
81
202 1
56
203 1
145
204 1
104
205 1
201
206 1
192
207 1
89
208 1
160
209 1
161
210 1
104
211 1
1
212 1
120
213 1
217
214 1
48
215 1
137
216 1
240
217 1
113
218 1
24
219 1
241
220 1
8
221 1
105
222 1
32
223 1
57
224 1
192
225 1
193
226 1
72
227 1
97
228 1
24
229 1
121
230 1
144
231 1
105
232 1
16
233 1
145
234 1
248
235 1
81
236 1
168
237 1
9
238 1
128
239 1
25
240 1
224
241 1
225
242 1
40
243 1
193
244 1
184
245 1
25
246 1
240
247 1
73
248 1
48
249 1
177
250 1
216
251 1
177
252 1
72
253 1
169
254 1
224
255 1
249
256 1
0
257 1
1
258 1
8
259 1
33
260 1
88
261 1
185
262 1
80
263 1
41
264 1
80
265 1
209
266 1
184
267 1
17
268 1
232
269 1
73
270 1
64
271 1
217
272 1
32
273 1
33
274 1
232
275 1
129
276 1
248
277 1
89
278 1
176
279 1
9
280 1
112
281 1
241
282 1
152
283 1
113
284 1
136
285 1
233
286 1
160
287 1
185
288 1
64
289 1
65
290 1
200
291 1
225
292 1
152
293 1
249
294 1
16
295 1
233
296 1
144
297 1
17
298 1
120
299 1
209
300 1
40
301 1
137
302 1
0
303 1
153
304 1
96
305 1
97
306 1
168
307 1
65
308 1
56
309 1
153
310 1
112
311 1
201
312 1
176
313 1
49
314 1
88
315 1
49
316 1
200
317 1
41
318 1
96
319 1
121
320 1
128
321 1
129
322 1
136
323 1
161
324 1
216
325 1
57
326 1
208
327 1
169
328 1
208
329 1
81
330 1
56
331 1
145
332 1
104
333 1
201
334 1
192
335 1
89
336 1
160
337 1
161
338 1
104
339 1
1
340 1
120
341 1
217
342 1
48
343 1
137
344 1
240
345 1
113
346 1
24
347 1
241
348 1
8
349 1
105
350 1
32
351 1
57
352 1
192
353 1
193
354 1
72
355 1
97
356 1
24
357 1
121
358 1
144
359 1
105
360 1
16
361 1
145
362 1
248
363 1
81
364 1
168
365 1
9
366 1
128
367 1
25
368 1
224
369 1
225
370 1
40
371 1
193
372 1
184
373 1
25
374 1
240
375 1
73
376 1
48
377 1
177
378 1
216
379 1
177
380 1
72
381 1
169
382 1
224
383 1
249
384 1
0
385 1
1
386 1
8
387 1
33
388 1
88
389 1
185
390 1
80
391 1
41
392 1
80
393 1
209
394 1
184
395 1
17
396 1
232
397 1
73
398 1
64
399 1
217
400 1
32
401 1
33
402 1
232
403 1
129
404 1
248
405 1
89
406 1
176
407 1
9
408 1
112
409 1
241
410 1
152
411 1
113
412 1
136
413 1
233
414 1
160
415 1
185
416 1
64
417 1
65
418 1
200
419 1
225
420 1
152
421 1
249
422 1
16
423 1
233
424 1
144
425 1
17
426 1
120
427 1
209
428 1
40
429 1
137
430 1
0
431 1
153
432 1
96
433 1
97
434 1
168
435 1
65
436 1
56
437 1
153
438 1
112
439 1
201
440 1
176
441 1
49
442 1
88
443 1
49
444 1
200
445 1
41
446 1
96
447 1
121
448 1
128
449 1
129
450 1
136
451 1
161
452 1
216
453 1
57
454 1
208
455 1
169
456 1
208
457 1
81
458 1
56
459 1
145
460 1
104
461 1
201
462 1
192
463 1
89
464 1
160
465 1
161
466 1
104
467 1
1
468 1
120
469 1
217
470 1
48
471 1
137
472 1
240
473 1
113
474 1
24
475 1
241
476 1
8
477 1
105
478 1
32
479 1
57
480 1
192
481 1
193
482 1
72
483 1
97
484 1
24
485 1
121
486 1
144
487 1
105
488 1
16
489 1
145
490 1
248
491 1
81
492 1
168
493 1
9
494 1
128
495 1
25
496 1
224
497 1
225
498 1
40
499 1
193
500 1
184
501 1
25
502 1
240
503 1
73
504 1
48
505 1
177
506 1
216
507 1
177
508 1
72
509 1
169
510 1
224
511 1
249
512 1
0
513 1
1
514 1
8
515 1
33
516 1
88
517 1
185
518 1
80
519 1
41
520 1
80
521 1
209
522 1
184
523 1
17
524 1
232
525 1
73
526 1
64
527 1
217
528 1
32
529 1
33
530 1
232
531 1
129
532 1
248
533 1
89
534 1
176
535 1
9
536 1
112
537 1
241
538 1
152
539 1
113
540 1
136
541 1
233
542 1
160
543 1
185
544 1
64
545 1
65
546 1
200
547 1
225
548 1
152
549 1
249
550 1
16
551 1
233
552 1
144
553 1
17
554 1
120
555 1
209
556 1
40
557 1
137
558 1
0
559 1
153
560 1
96
561 1
97
562 1
168
563 1
65
564 1
56
565 1
153
566 1
112
567 1
201
568 1
176
569 1
49
570 1
88
571 1
49
572 1
200
573 1
41
574 1
96
575 1
121
576 1
128
577 1
129
578 1
136
579 1
161
580 1
216
581 1
57
582 1
208
583 1
169
584 1
208
585 1
81
586 1
56
587 1
145
588 1
104
589 1
201
590 1
192
591 1
89
592 1
160
593 1
161
594 1
104
595 1
1
596 1
120
597 1
217
598 1
48
599 1
137
600 1
240
601 1
113
602 1
24
603 1
241
604 1
8
605 1
105
606 1
32
607 1
57
608 1
192
609 1
193
610 1
72
611 1
97
612 1
24
613 1
121
614 1
144
615 1
105
616 1
16
617 1
145
618 1
248
619 1
81
620 1
168
621 1
9
622 1
128
623 1
25
624 1
224
625 1
225
626 1
40
627 1
193
628 1
184
629 1
25
630 1
240
631 1
73
632 1
48
633 1
177
634 1
216
635 1
177
636 1
72
637 1
169
638 1
224
639 1
249
p3l 0
p2l 1
p1l 6
0 2

Line 2
254
Saving coeffs ----- 
1 2
error !!
3
2 2
error !!
14
3 2
error !!
43
4 2
error !!
102
5 2
error !!
203
6 2
error !!
102
7 2
error !!
67
8 2
